1 2
2 6
3 12
4 60
5 120
6 360
7 2520
8 5040
9 55440
10 720720
11 1441440
12 4324320
13 21621600
14 367567200
15 6983776800
16 160626866400
17 321253732800
18 9316358251200
19 288807105787200
20 2021649740510400
21 6064949221531200
22 224403121196654400
23 9200527969062830400
24 395622702669701707200
25 791245405339403414400
26 37188534050951960476800
27 1970992304700453905270400
28 116288545977326780410953600
29 581442729886633902054768000
30 35468006523084668025340848000
31 2376356437046672757697836816000
32 168721307030313765796546413936000
33 12316655413212904903147888217328000
34 135483209545341953934626770390608000
35 10703173554082014360835514860858032000
36 21406347108164028721671029721716064000
37 1776726809977614383898695466902433312000
38 5330180429932843151696086400707299936000
39 474386058264023040500951689662949694304000
40 46015447651610234928592313897306120347488000
41 598200819470933054071700080664979564517344000
42 60418282766564238461241708147162936016251744000
43 6223083124956116561507895939157782409673929632000
44 665869894370304472081344865489882717835110470624000
45 72579818486363187456866590338397216244027041298016000
46 8201519488959040182625924708238885435575055666675808000
47 1041592975097798103193492437946338450318032069667827616000
48 136448679737811551518347509370970336991662201126485417696000
49 18693469124080182558013608783822936167857721554328502224352000
50 2598392208247145375563891620951388127332223296051661809184928000
51 5196784416494290751127783241902776254664446592103323618369856000
52 774320878057649321918039703043513661945002542223395219137108544000
53 116922452586705047609623995159570562953695383875732678089703390144000
54 818457168106935333267367966116993940675867687130128746627923731008000
55 128497775392788847322976770680368048686111226879430213220584025768256000
56 20945137389024582113645213620899991935836129981347124754955196200225728000
57 3497837943967105212978750674690298653284633706884969834077517765437696576000
58 59463245047440788620638761469735077105838773017044487179317802012440841792000
59 10287141393207256431370505734264168339310107731948696282021979748152265630016000
60 1841398309384098901215320526433286132736509284018816634481934374919255547772864000
61 333293093998521901119973015284424790025308180407405810841230121860385254146888384000
62 63658980953717683113914845919325134894833862457814509870674953275333583542055681344000
63 12286183324067512840985565262429751034702935454358200405040265982139381623616746499392000
64 2420378114841300029674156356698660953836478284508565479792932398481458179852499060380224000
65 481655244853418705905157114983033529813459178617204530478793547297810177790647313015664576000
66 9151449652214955412197985184677637066455724393726886079097077398658393378022298947297626944000
67 1930955876617355591973774873966981421022157847076372962689483331116921002762705077879799285184000
68 5792867629852066775921324621900944263066473541229118888068449993350763008288115233639397855552000
69 1291809481457010891030455390683910570663823599694093512039264348517220150848249697101585721788096000
70 293240752290741472263913373685247699540687957130559227232913007113408974242552681242059958845897792000
71 67152132274579797148436162573921723194817542182898063036337078628970655101544564004431730575710594368000
72 335760661372898985742180812869608615974087710914490315181685393144853275507722820022158652878552971840000
73 78232234099885463677928129398618807521962436643076243437332696602750813193299417065162966120702842438720000
74 18697503949872625819024822926269894997749022357695222181522514488057444353198560678573948902847979342854080000
75 4506098451919302822384982325231044694457514388204548545746925991621844089120853123536321685586363021627833280000
76 1131030711431745008418630563632992218308836111439341684982478423897082866369334134007616743082177118428586153280000
77 2262061422863490016837261127265984436617672222878683369964956847794165732738668268015233486164354236857172306560000
78 581349785675916934327176109707358000210741761279821626080993909883100593313837744879915005944239038872293282785920000
79 152894993632766153728047316853035154055425083216593087659301398299255456041539326903417646563334867223413133372696960000
80 41128753287214095352844728233466456440909347385263540580352076142499717675174078937019346925537079283098132877255482240000
81 11145892140835019840620921351269409695486433141406419497275412634617423489972175391932243016820548485719594009736235687040000
82 3087412123011300495851995214301626485649741980169578200745289299789026306722292583565231315659291930544327540696937285310080000
83 867562806566175439334410655218757042467577496427651474409426293240716392188964215981829999700261032482956038935839377172132480000
84 245520274258227649331638215426908243018324431489025367257867640987122738989476873122857889915173872192676559018842543739713491840000
85 71937440357660701254169997120084115204369058426284432606555218809226962523916723824997361745145944552454231792520865315736053109120000
86 1654561128226196128845909933761934649700488343804541949950770032612220138050084647974939320138356724706447331227979902261929221509760000
87 507950266365442211555694349664913937458049921547994378634886400011951582381375986928306371282475514484879330686989829994412271003496320000
88 157972532839652527793820942745788234549453525601426251755449670403716942120607931934703281468849885004797471843653837128262216282087355520000
89 49445402778811241199465955079431717413978953513246416799455746836363402883750282695562127099750014006501608687063651021146073696293342277760000
90 15674192680883163460230707760179854420231328263699114125427471747127198714148839614493194290620754440061009953799177373703305361724989502049920000
91 5188157777372327105336364268619531813096569655284406775516493148299102774383265912397247310195469719660194294707527710695794074730971525178523520000
92 1748409170974474234498354758524782221013543973830845083349058190976797634967160612477872343535873295525485477316436838504482603184337403985162426240000
93 606697982328142559370929101208099430691699758919303243922123192268948779333604732529821703206948033547343460628803582961055463304965079182851361905280000
94 211737595832521753220454256321626701311403215862836832128820994101863123987428051652907774419224863708022867759452450453408356693432812634815125304942720000
95 74743371328880178886820352481534225562925335199581401741473810917957682767562102233476444369986376888932072319086715010053149912781782860089739232644780160000
96 26832870307067984220368506540870786977090195336649723225189098119546808113554794701818043528825109303126613962552130688609080818688660046772216384519476077440000
97 9847663402693950208875241900499578820592101688550448423644399009873678577674609655567221975078815114247467324256631962719532660458738237165403413118647720420480000
98 3673178449204843427910465228886342900080853929829317262019360830682882109472629401526573796704398037614305311947723722094385682351109362462695473093255599716839040000
99 1392134632248635659178066321747923959130643639405311242305337754828812319490126543178571468950966856255821713228187290673772173611070448373361584302343872292681996160000
100 533187564151227457465199401229454876347036513892234205802944360099435118364718466037392872608220305945979716166395732328054742493039981726997486787797703088097204529280000
101 207409962454827480953962567078257946898997203904079106057345356078680261043875483288545827444597699012986109588727939875613294829792552891802022360453306501269812561889920000
102 82341755094566509938723139130068404918901889949919405104766106363236063634418566865552693495505286508155485506724992130618478047427643498045402877099962681004115587070298240000
103 33019043792921170485427978791157430372479657869917681447011208651657661517401845313086630091697619889770349688196721844378009697018485042716206553717085035082650350415189594240000
104 13504788911304758728540043325583389022344180068796331711827584338527983560617354733052431707504326534916073022472459234350605966080560382470928480470287779348803993319812544044160000
105 5658506553836693907258278153419440000362211448825662987255757837843225111898671633148968885444312818129834596415960419192903899787754800255319033317050579547148873201001455954503040000
106 2382231259165248134955735102589584240152491019955604117634674049731997772109340757555715900772055696432660365091119336480212541810644770907489313026478293989349675617621612956845779840000
107 1026741672700221946165921829216110807505723629600865374700544515434491039779125866506513553232756005162476617354272434022971605520387896261127893914412144709409710191194915184400531111040000
108 444579144279196102689844152050575979649978331617174707245335775183134620224361500197320368549783350235352375314399963931946705190327959081068378064940458659174404512787398274845429971080320000
109 195170244338567089080841582750202855066340487579939696480702405305396098278494698586623641793354890753319692763021584166124603578553974036589017970508861351377563581113667842657143757304260480000
110 86460418241985220462812821158339864794388835997913285540951165550290471537373151473874273314456216603720623894018561785593199385299410498208934960935425578660260666433354854297114684485787392640000
111 38820727790651363987802956700094599292680587363063065207887073332080421720280545011769548718190841255070560128414334241731346523999435313695811797460006084818457039228576329579404493334118539295360000
112 17741072600327673342425951211943231876755028424919820800004392512760752726168209070378683764213214453567245978685350748471225361467741938358985991439222780762034866927459382617787853453692172457979520000
113 8178634468751057410858363508705829895184068103888037388802024948382707006763544381444573215302291863094500396173946695045234891636629033583492542053481701931298073653558775386800200442152091503128558720000
114 16357268937502114821716727017411659790368136207776074777604049896765414013527088762889146430604583726189000792347893390090469783273258067166985084106963403862596147307117550773600400884304183006257117440000
115 7573415518063479162454844609061598482940447064200322622030675102202386688263042097217674797369922265225507366857074639611887509655518485098314093941524055988382016203195426008176985609432836731897045374720000
116 3536785046935644768866412432431766491533188778981550664488325272728514583418840659400654130371753697860311940322253856698751467009127132540912681870691734146574401566892263945818652279605134753795920189994240000
117 102566766361133698297125960540521228254462474590464969270161432909126922919146379122618969780780857237949046269345361844263792543264686843686467774250060290250657645439875654428740916108548907860081685509832960000
118 49129481086983041484323335098909668333887525328832720280407326363471796078271115599734486524994030616977593163016428323402356628223784998125818063865778879030065012165700438471366898815994926864979127359209987840000
119 23926057289360741202865464193169008478603224835141534776558367939010764690118033297070694937672092910468087870389000593496947677944983294087273397102634314087641660924696113535555679723389529383244835023935264078080000
120 11747694129076123930606942918845983162994183394054493575290158658054285462847954348861711214396997619039831144360999291407001309870986797396851237977393448217032055514025791745957838744184258927173213996752214662337280000
121 5862099370408985841372864516504145598334097513633192294069789170369088445961129220081993895984101811900875741036138646412093653625622411901028767750719330660298995701498870081232961533347945204659433784379355116506302720000
122 2948635983315719878210550851801585235962051049357495723917103952695651488318447997701242929680003211386140497741177739145283107773688073186217470178611823322130394837853931650860179651274016437943695193542815623602670268160000
123 1500855715507701418009170383567006885104683984122965323473805911922086607554090030829932651207121634595545513350259469224949101856807229251784692320913418070964370972467651210287831442498474366913340853513293152413759166493440000
124 781945827779512438782777769838410587139540355728064933529852880111407122535680906062394911278910371624279212455485183466198482067396566440179824699195890814972437276655646280559960181541705145161850584680425732407568525743082240000
125 408957667928685005483392773625488737073979606045777960236113056298265925086161113870632538598870124359498028114218750952821806121248404248214048317679450896230584695690903004732859174946311790919647855787862658049158338963632011520000
126 221246098349418587966515490531389406757022966870765876487737163457361865471613162604012203381988737278488433209792344265476597111595386698283800139864582934860746320368778525560476813645954678887529489981233698004594661379324918232320000
127 6858629048831976226961980206473071609467711972993742171119852067178217829620008040724378304841650855633141429503562672229774510459456987646797804335802070980683135931432134292374781223024595045513414189418244638142434502759072465201920000
128 3751670089711090996148203172940770170378838449227576967602559080746485152802144398276234932748383018031328361938448781709686657221322972242798398971683732826433675354493377457929005328994453489895837561611779817063911673009212638465450240000
129 41268370986822000957630234902348471874167222941503346643628149888211336680823588381038584260232213198344611981322936598806553229434552694670782388688521061090770428899427152037219058618938988388854213177729577987703028403101339023119952640000
130 22986482639659854533400040840608098833911143178417364080500879487733714531218738728238491432949342751477948873596875685535250148795045850931625790499506231027559128896980923684731015650749016532591796739995374939150586820527445835877813620480000
131 12941389726128498102304222993262359643491973609448975977321995151594081281076149903998270676750479969082085215835041010956345833771610814074505320051222008068515789569000260034503561811371696307849181564617396090741780379956952005599209068330240000
132 38824169178385494306912668979787078930475920828346927931965985454782243843228449711994812030251439907246255647505123032869037501314832442223515960153666024205547368707000780103510685434115088923547544693852188272225341139870856016797627204990720000
133 22090952262501346260633308649498847911440798951329401993288645723771096746796987886125048045213069307223119463430415005702482338248139659625180581327435967772956452794283443878897580012011485597498552930801895126896219108586517073557849879639719680000
134 12613933741888268714821619238863842157432696201209088538167816708273296242421080082977402433816662574424401213618766968256117415139687745645978111937965937598358134545535846454850518186858558276171673723487882117457741111002901249001532281274279937280000
135 7278239769069531048452074300824436924838665708097644086522830240673691931876963207877961204312214305442879500258028540683779748535599829237729370588206345994252643632774183404448748993817388125351055738452507981773116621048674020673884126295259523810560000
136 4272326744443814725441367614583944474880296770653317078788901351275457164011777403024363226931269797294970266651462753381378712390397099762547140535277125098626301812438445658411415659370806829581069718471622185300819456555571650135569982135317340476798720000
137 2533489759455182132186730995448279073604015984997417027721818501306346098258983999993447393570242989795917368124317412755157576447505480159190454337419335183485396974775998275437969486006888449941574343053671955883385937737453988530392999406243182902741640960000
138 1517560365913654097179851866273519165088805575013452799605369282282501312857131415996074988748575550887754503506466130240339388292055782615355082148114181774907752787890822966987343722118126181515003031489149501574148176704734939129705406644339666558742242935040000
139 912053779914106112405090971630385018218372150583085132562826938651783289027135981013641068237893906083540456607386144274443972363525525351828404371016623246719559425522384603159393576992993835090516821924978850446063054199545698416952949393248139601804088003959040000
140 553616644407862410229890219779643706058551895403932675465635951761632456439471540475280128420401600992709057160683389574587491224659993888559841453207090310758772571292087454117751901234747257899943710908462162220760273899124238939090440281701620738295081418403137280000
141 339367003022019657470922704724921591813892311882610730060434838429880695797396054311346718721706181408530652039498917809222132120716576253687182810815946360495127586202049609374181915456900069092665494786887305441326047900163158469662439892683093512574884909481123152640000
142 209389440864586128659559308815276622149171556431570820447288295311236389306993365510100925451292713929063412308370832288290055518482127548524991794273438904425493720686664608983870241836907342630174610283509467457298171554400668775781725413785468697258703989149852985178880000
143 129612063895178813640267212156656229110337193431142337856871454797655324981028893250752472854350189922090252218881545186451544365940436952536969920655258681839380613105045392961015679697045645088078083765492360356067568192174013972208888031133205123603137769283758997825726720000
144 81785212317857831407008610870850080568622769055050815187685887977320510063029231641224810371094969840838949150114255012650924494908415717050828019933468228240649166869283642958400893888835802050577270856025679384678635529261802816463808347645052432993579932418051927628033560320000
145 52424321095746869931892519568214901644487194964287572535306654193462446950401737482025103447871875667977766405223237463109242601236294474629580760777353134302256115963210815136334972982743749114420030618712460485579005374256815605353301150840478609548884736679971285609569512165120000
146 33708838464565237366206890082362181757405266362036909140202178646396353389108317200942141516981616054509703798558541688779242992594937347186820429179838065356350682564344554132663387627904230680572079687832112092227300455647132434242172639990427745939932885685221536646953196322172160000
147 21809618486573708575935857883288331597041207336237880213710809584218440642753081229009565561487105587267778357667376472640170216208924463629872817679355228285558891619130926523833211795254037250330135558027376523671063394803694684954685698073806751623136577038338334210578718020445387520000
148 14241680871732631700086115197787280532867908390563335779553158658494641739717762042543246311651079948485859267556796836634031151184427674750306949944618964070469956227292495020063087302300886324465578519391876869957204396806812629275409760842195808809908184806034932239507902867350838050560000
149 9385267694471804290356749915341817871159951629381238278725531555947968906474005186035999319378061686052181257319929115341826528630537837660452280013503897322439701153785754218221574532216284087822816244279246857301797697495689522692495032395007038005729493787177020345835707989584202275319040000
150 6203661946045862635925811694040941612836728027020998502237576358481607447179317427969795550108898774480491811088473145240947335424785510693558957088926076130132642462652383538244460765794963782050881537468582172676488278044650774499739216413099652121787195393324010448597402981115157703985885440000