1 2
2 6
3 12
4 60
5 120
6 360
7 2520
8 5040
9 55440
10 720720
11 1441440
12 4324320
13 21621600
14 367567200
15 6983776800
16 13967553600
17 321253732800
18 2248776129600
19 65214507758400
20 195643523275200
21 6064949221531200
22 12129898443062400
23 448806242393308800
24 18401055938125660800
25 791245405339403414400
26 37188534050951960476800
27 185942670254759802384000
28 9854961523502269526352000
29 581442729886633902054768000
30 1162885459773267804109536000
31 12791740057505945845204896000
32 780296143507862696557498656000
33 2340888430523588089672495968000
34 156839524845080402008057229856000
35 11135606264000708542572063319776000
36 812899257272051723607760622343648000
37 64219041324492086165013089165148192000
38 834847537218397120145170159146926496000
39 69292345589126960972049123209194899168000
40 6167018757432299526512371965618346025952000
41 12334037514864599053024743931236692051904000
42 1196401638941866108143400161329959129034688000
43 120836565533128476922483416294325872032503488000
44 12446166249912233123015791878315564819347859264000
45 1331739788740608944162689730979765435670220941248000
46 9322178521184262609138828116858358049691546588736000
47 1016117458809084624396132264737561027416378578172224000
48 114821272845426562556762945915344396098050779333461312000
49 1951961638372251563464970080560854733666863248668842304000
50 247899128073275948560051200231228551175691632580942972608000
51 32474785777599149261366707230290940204015603868103529411648000
52 4449045651531083448807238890549858807950137729930183529395776000
53 618417345562820599384206205786430374305069144460295510586012864000
54 1855252036688461798152618617359291122915207433380886531758038592000
55 9276260183442308990763093086796455614576037166904432658790192960000
56 1382162767332904039623700869932671886571829537868760466159738751040000
57 208706577867268509983178831359833454872346260218182830390120551407040000
58 3965424979478101689680397795836835642574578944145473777412290476733760000
59 7930849958956203379360795591673671285149157888290947554824580953467520000
60 1245143443556123930559644907892766391768417788461678766107459209694400640000
61 202958381299648200681222119986520921858252099519253638875515851180187304320000
62 33894049677041249513764094037748993950328100619715357692211147147091279821440000
63 5863670594128136165881188268530575953406761407210756880752528456446791409109120000
64 1049597036348936373692732700066973095659810291890725481654702593703975662230532480000
65 189977063579157483638384618712122130314425662832221312179501169460419594863726378880000
66 36285619143619079374931462174015326890055301600954270626284723366940142618971738366080000
67 7003124494718482319361772199584958089780673208984174230872951609819447525461545504653440000
68 1379615525459541016914269123318236743686792622169882323481971467134431162515924464416727680000
69 274543489566448662365939555540329111993671731811806582372912321959751801340668968418928808320000
70 57928676298520667759213246219009442630664735412291188880684499933507630082881152336393978555520000
71 1332359554865975358461904663037217180505288914482697344255743498470675491906266503737061506776960000
72 297116180735112504937004739857299431252679427929641507769030800158960634695097430333364716011262080000
73 67445373026870538620700075947606970894358230140028622263569991636084064075787116685673790534556492160000
74 15444990423153353344140317392001996334808034702066554498357528084663250673355249721019298032413436704640000
75 3598682768594731329184693952336465146010272085581507198117304043726537406891773184997496441552330752181120000
76 860085181694140787675141854608415169896455028453980220350035666450642440247133791214401649531007049771287680000
77 207280528788287929829709186960628055945045661857409233104358595614604828099559243682670797536972698994880330880000
78 414561057576575859659418373921256111890091323714818466208717191229209656199118487365341595073945397989760661760000
79 104054825451720540774514011854235284084412922252419435018388014998531623705978740328700740363560294895429926101760000
80 26742090141092178979050101046538468009694121018871794799725719854622627292436536264476090273434995788125491008152320000
81 7033169707107243071490176575239617086549553827963282032327864321765750977910809037557211741913403892277004135144060160000
82 1891922651211848386230857498739456996281829979722122866696195502554987013058007631102889958574705647022514112353752183040000
83 512711038478410912668562382158392845992375924504695296874668981192401480538720068028883178773745230343101324447866841603840000
84 142020957658519822809191779857874818339888131087800597234283307790295210109225458844000640520327428805039066872059115124263680000
85 39907889102044070209382890140062823953508564835671967822833609489072954040692353935164179986212007494215977791048611349918094080000
86 11293932615878471869255357909637779178842923848495166893861911485407645993515936163651462936097998120863121714866757012026820624640000
87 3309122256452392257691819867523869299400976687609083899901540065224440276100169295949878640276713449412894662455959804523858443019520000
88 9927366769357176773075459602571607898202930062827251699704620195673320828300507887849635920830140348238683987367879413571575329058560000
89 3047701598192653269334166097989483624748299529287966271809318400071709494288255921569838227694853086909275984121938979966473626020977920000
90 947835197037915166762925656474729407296721153608557510532698022422301652723647591608219688813099310028784831061923022769573297692524133120000
91 296672416672867447196795730476590304483873721079478500796734481018180417302501696173372762598500084039009652122381906126876442177760053666560000
92 8603500083513155968707076183821118830032337911304876523105299949527232101772549189027810115356502437131279911549075277679416823155041556330240000
93 2727309526473670442080143150271294669120251117883645857824380084000132576261898092921815806568011272570615731961056863024375132940148173356686080000
94 30000404791210374862881574652984241360322762296720104436068180924001458338880879022139973872248123998276773051571625493268126462341629906923546880000
95 9930133985890634079613801210137783890266834320214354568338567885844482710169570956328331351714129043429611880070208038271749859035079499191694017280000
96 3346455153245143684829851007816433171019923165912237489530097377529590673327145412282647665527661487635779203583660108897579702494821791227600883823360000
97 1161219938176064858635958299712302310343913338571546408866943790002767963644519458062078739938098536209615383643530057787460156765703161555977506686705920000
98 405265758423446635663949446599593506310025755161469696694563382710966019311937290863665480238396389137155768891591990167823594711230403383036149833660366080000
99 143058812723476662389374154649656507727439091571998802933180874096971004817113863674873914524153925365415986418731972529241728933064332394211760891282109226240000
100 4434823194427776534070598794139351739550611838731962890928607097006101149330529773921091350248771686327895578980691148406493596924994304220564587629745386013440000
101 1592101526799571775731344967096027274498669650104774677843369947825190312609660188837671794739309035391714512854068122277931201296072955215182686959078593578824960000
102 584301260335442841693403602924242009741011761588452306768516770851844844727745289303425548669326415988759226217443000876000750875658774563972046113981843843428760320000
103 217944370105120179951639543890742269633397387072492710424656755527738127083448992910177729653658753163807191379106239326748280076620722912361573200515227753598927599360000
104 82600916269840548201671387134591320191057609700474737250944910345012750164627168312957359538736667449082925532681264704837598149039253983785036242995271318613993560157440000
105 31636150931348929961240141272548475633175064515281824367111900662139883313052205463862668703336143632998760479016924381952800091082034275789668881067188915029159533540299520000
106 12306462712294733754922414955021357021305100096444629678806529357572414608777307925442578125597759873236517826337583584579639235430911333282181194735136487946343058547176513280000
107 4885665696781009300704198737143478737458124738288517982486192154956248599684591246400703515862310669674897577056020683078116776466071799313025934309849185714698194243229075772160000
108 1959151944409184729582383693594534973720708020053695710976963054137455688473521089806682109860786578539633928399464293914324827362894791524523399658249523471593975891534859384636160000
109 3918303888818369459164767387189069947441416040107391421953926108274911376947042179613364219721573157079267856798928587828649654725789583049046799316499046943187951783069718769272320000
110 1602586290526713108798389861360329608503539160403923091579155778284438753171340251461865965866123421245420553430761792421917708782847939467060140920448110199763872279275514976632378880000
111 671483655730692792586525351909978105962982908209243775371666271101179837578791565362521839697905713501831211887489191024783519980013286636698199045667758173701062485016440775208966750720000
112 282694619062621665678927173154100782610415804356091629431471500133596711620671249017621694512818305384270940204632949421433861911585593674049941798226126191128147306191921566362975002053120000
113 1978862333438351659752490212078705478272910630492641406020300500935176981344698743123351861589728137689896581432430645950037033381099155718349592587582883337897031143343450964540825014371840000
114 852889665711929565353323281405922061135624481742328445994749515903061278959565158286164652345172827344345426597377608404465961387253736114608674405248222718633620422781027365717095581194263040000
115 369301225253265501797988980848764252471725400594428217115726540386025533789491713537909294465459834240101569716664504439133761280680867737625556017472480437168357643064184849355502386657115896320000
116 162123237886183555289317162592607506835087450860953987313803951229465209333586862243142180270336867231404589105615717448779721202218900936817619091670418911916909005305177148867065547742473878484480000
117 71820594383579314993167503028525125527943740731402616380015150394653087734778979973711985859759232183512232973787762829809416492582973115010205257609995577979190689350193476948110037649915928168624640000
118 32247446878227112431932208859807781362046739588399774754626802527199236392915762008196681651031895250396992605230705510584428005169754928639582160666888014512656619518236871149701406904812251747712463360000
119 161237234391135562159661044299038906810233697941998873773134012635996181964578810040983408255159476251984963026153527552922140025848774643197910803334440072563283097591184355748507034524061258738562316800000
120 73685416116748951906965097244660780412276799959493485314322243774650255157812516188729417572607880647157128102952162091685417991812890011941445237123839113161420375599171250577067714777495995243522978777600000
121 33968976829821266829110909829788619770059604781326496729902554380113767627751569963004261500972232978339436055460946724266977694225742295505006254314089831167414793151217946516028216512425653807264093216473600000
122 15727636272207246541878351251192130953537597013754167985944882677992674411648976892870973074950143868971158893678418333335610672426518682818817895747423591830513049229013909236921064245253077712763275159227276800000
123 7344806139120784135057190034306725155302057805423196449436260210622578950240072208970744426001717186809531203347821361667730184023184224876387957314046817384849593989949495613642137002533187291860449499359138265600000
124 3518162140638855600692394026432921349389685688797711099279968640888215317164994588096986580054822532481765446403606432238842758147105243715789831553428425527342955521185808398934583624213396712801155310193027229222400000
125 130171999203637657225618578978018089927418370485515310673358839712863966735104799759588503462028433701825321516933437992837182051442894017484223767476851744511689354283874910760579594095895678373642746477142007481228800000
126 1692235989647289543933041526714235169056438816311699038753664916267231567556362396874650545006369638123729179720134693906883366668757622227294908977199072678651961605690373839887534723246643818857355704202846097255974400000
127 824118926958230007895391223509832527330485703543797431873034814222141773399948487277954815418102013766256110523705595932652199567684962024692620671895948394503505301971212060025229410221115539783532227946786049363659532800000
128 404642393136490933876637090743327770919268480440004539049660093783071610739374707253475814370288088759231750267139447602932229987733316354124076749900910661701221103267865121472387640418567730033714323921871950237556830604800000
129 201916554175108976004441908280920557688714971739562264985780386797752733758947978919484431370773756290856643383302584353863182763878924860707914298200554420188909330530664695614721432568865297286823447637014103168540858471795200000
130 101564026750079814930234279865303040517423630784999819287847534559269625080750833396500668979499199414300891621801199929993180930231099204936080891994878873355021393256924341894204880582139244535272194161418093893776051811312985600000
131 51696089615790625799489248451439247623368628069564908017514395090668239166102174198818840510565092501879153835496810764366529093487629495312465174025393346537705889167774490024150284216308875468453546828161809791932010371958309670400000
132 26933662689826916041533898443199848011775055224243317077124999842238152605539232757584615906004413193479039148293838408234961657707054967057794355667229933546144768256410509302582298076696924119064297897472302901596577403790279338278400000
133 14086305586779477089722228885793520510158353882279254831336374917490553812697018732216754118840308100189537474557677487506884946980789747771226448013961255244633713798102696365250541894112491314270627800378014417535009982182316093919603200000
134 7620691322447697105539725827214294595995669450313076863752978830362389612669087134129263978292606682202539773735703520741224756316607253544233508375553039087346839164773558733600543164714857801020409640004505799886440400360633006810505331200000
135 4168518153378890316730230027486219144009631189321253044472879420208227118129990662368707396126055855164789256233429825845449941705184167688695729081427512380778721023131136627279497111099027217158164073082464672537882898997266254725346416166400000
136 2321864611432041906418738125309824063213364572451937945771393837055982504798404798939370019642213111326787615722020412995915617529787581402603521098355124396093747609884043101394679890882158159957097388706932822603600774741477303882017953804684800000
137 1307209776236239593313749564549430947589124254290441063469294730262518150201501901802865321058565981676981427651497492516700492669270408329665782378373935035000779904364716266085204778566655044055845829842003179125827236179451722085576107992037542400000
138 743802362678420328595523502228626209178211700691260965114028701519372827464654582125830367682324043574202432333702073242002580328814862339579830173294769034915443765583523555402481519004426720067776277180099808922595697386108029866692805447469361625600000
139 424711149089378007628043919772545565440758881094710011080110388567561884482317766393849139946607028880869588862543883821183473367753286395900083028951313118936718390148191950134816947351527657158700254269836990894802143207467685053881591910505005488217600000
140 17413157112664498312749800710674368183071114124883110454284525931270037263775028422147814737810888184115653143364299236668522408077884742231903404187003837876405453996075869955527494841412633943506710425063316626686887871506175087209145268330705225016921600000
141 10047391654007415526456635010059110441632032850057554732122171462342811501198191399579289103716882482234731863721200659557737429460939496267808264215901214454685946955735776964339364523495089785403371915261533693598334301859063025319676819826816914834763763200000
142 5897818900902352914030044750904697829238003282983784627755714648395230351203338351553042703881810017071787604004344787160391871093571484309203451094734012884900650863016901078067206975291617704031779314258520278142222235191269995862650293238341529008006328998400000
143 3497406608235095278019816537286485812738135946809384284259138786498371598263579642470954323401913340123570049174576458786112379558487890195357646499177269640746085961769022339293853736347929298490845133355302524938337785468423107546551623890336526701747753096051200000
144 2094946558332822071533870105834605001830143432138821186271224133112524587359884205840101639717746090734018459455571298812881315355534246227019230253007184514806905491099644381237018388072409649796016234879826212438064333495585441420384422710311579494346904104534668800000
145 1259062881558026064991855933606597606099916202715431532949005704000627277003290407709901085470365400531145094132798350586541670528676081982438557382057317893398950200150886273123448051231518199527405757162775553675276664430846850293651038048897259276102489366825335948800000
146 764251169105721821450056551699204746902649135048266940500046462328380757140997277479909958880511798122405072138608598806030794010906381763340204330908791961293162771491587967785932967097531547113135294597804761080892935309524038128246180095680636380594211045662978920921600000
147 468485966661807476548884666191612509851323919784587634526528481407297404127431331095184804793753732249034309220967071068096876728685612020927545254847089472272708778924343424252776908830786838380351935588454318542587369344738235372614908398652230101304251370991406078524940800000
148 289055841430335213030661839040224918578266858507090570502868073028302498346625131285729024557746052797654168789336682849015772941599022616912295422240654204392261316596319892763963352748595479280677144258076314540776406885703491224903398481968425972504723095901697550449888473600000
149 178925565845377496865979678365899224599947185415889063141275337204519246476560956265866266201244806681747930480599406683540763450849794999868710866366964952518809754973122013620893315351380601674739152295749238700740595862250461068215203660338455676980423596363150783728480965158400000
150 7693799331351232365237126169733666657797728972883229715074839499794327598492121119432249446653526687315161010665774487392252828386541184994354567253779492958308819463844246585698412560109365872013783548717217264131845622076769825933253757394553594110158214643615483700324681501811200000